batch_time_avg,batch_time_cv_percent,batch_time_max,batch_time_max_min_ratio,batch_time_min,batches_per_second,epoch,step,train_loss,val_loss
,,,,,,0,49,6.513256072998047,
0.06157113239169121,85.37103271484375,0.4226834774017334,10.25808048248291,0.04120492935180664,16.241378784179688,0,99,5.240503311157227,
0.05277393013238907,26.274091720581055,0.1132040023803711,3.268141984939575,0.03463864326477051,18.948749542236328,0,149,3.9568285942077637,
0.05149563401937485,24.688770294189453,0.10120487213134766,2.5037100315093994,0.04042196273803711,19.41912269592285,0,199,4.148642063140869,
,,,,,,1,249,2.8441615104675293,
0.053031887859106064,29.115474700927734,0.12740850448608398,3.077751636505127,0.0413966178894043,18.856578826904297,1,299,2.71501088142395,
0.05146915838122368,24.642398834228516,0.09620928764343262,3.2215471267700195,0.02986431121826172,19.42911148071289,1,349,2.386449098587036,
0.04981626197695732,24.316715240478516,0.09041500091552734,2.3319027423858643,0.0387730598449707,20.073766708374023,1,399,2.1236658096313477,
,,,,,,2,449,1.8458237648010254,
0.05261852592229843,25.259279251098633,0.10055780410766602,2.5175187587738037,0.03994321823120117,19.00471305847168,2,499,2.0082688331604004,
0.0509471520781517,27.703187942504883,0.10654354095458984,2.995990753173828,0.03556203842163086,19.628183364868164,2,549,1.7923669815063477,
0.05009276047348976,17.652626037597656,0.06846308708190918,1.6900815963745117,0.04050874710083008,19.96296501159668,2,599,1.8412747383117676,
,,,,,,3,649,2.552079677581787,
0.05483921617269516,24.302810668945312,0.09634518623352051,2.2875540256500244,0.04211711883544922,18.235124588012695,3,699,1.2616171836853027,
0.05044196918606758,28.353078842163086,0.10695195198059082,3.0534536838531494,0.03502655029296875,19.82476043701172,3,749,2.161932945251465,
0.054558947682380676,29.437314987182617,0.11022615432739258,3.184386730194092,0.03461456298828125,18.328798294067383,3,799,1.8641328811645508,
,,,,,,4,849,1.3988604545593262,
0.05078811198472977,21.248706817626953,0.08251142501831055,2.645087718963623,0.031194210052490234,19.689645767211914,4,899,1.4994373321533203,
0.051724519580602646,26.060457229614258,0.10275745391845703,2.559936285018921,0.040140628814697266,19.33319091796875,4,949,1.4114792346954346,
0.05049747973680496,20.85138511657715,0.07723641395568848,1.9063347578048706,0.04051566123962402,19.802968978881836,4,999,1.413682460784912,
,,,,,,5,1049,1.0528450012207031,
0.05226059630513191,33.640830993652344,0.13545775413513184,4.049399375915527,0.03345131874084473,19.134876251220703,5,1099,1.0681650638580322,
0.05151353031396866,20.442726135253906,0.07052803039550781,1.7614595890045166,0.0400395393371582,19.412376403808594,5,1149,1.0462546348571777,
0.05996860936284065,109.25936126708984,0.51003098487854,15.327804565429688,0.03327488899230957,16.675390243530273,5,1199,0.9695749282836914,
,,,,,,6,1249,1.1320607662200928,
0.05261612683534622,26.315155029296875,0.10282611846923828,2.5431580543518066,0.04043245315551758,19.005578994750977,6,1299,1.8750872611999512,
0.051120515912771225,28.609243392944336,0.09997177124023438,3.2083983421325684,0.031159400939941406,19.56161880493164,6,1349,1.6098346710205078,
0.04877413809299469,21.82807731628418,0.07802748680114746,2.294706106185913,0.034003257751464844,20.502668380737305,6,1399,1.6285779476165771,
,,,,,,7,1449,4.234213829040527,
0.05105207487940788,25.19952392578125,0.08794331550598145,2.756829261779785,0.03190016746520996,19.58784294128418,7,1499,1.0866374969482422,
0.050675585865974426,26.98822784423828,0.0901482105255127,2.775010108947754,0.0324857234954834,19.733367919921875,7,1549,1.3970141410827637,
0.04777855426073074,20.22635841369629,0.0825035572052002,2.445634126663208,0.033735036849975586,20.92989158630371,7,1599,1.0705318450927734,
,,,,,,8,1649,1.0019512176513672,
0.04954305663704872,20.357669830322266,0.07097935676574707,2.151947259902954,0.03298377990722656,20.184463500976562,8,1699,0.9002156257629395,
0.05232848972082138,22.59505844116211,0.10024785995483398,2.6199629306793213,0.03826308250427246,19.110048294067383,8,1749,1.3288068771362305,
0.05147336795926094,19.968626022338867,0.08539128303527832,2.0995562076568604,0.04067111015319824,19.427520751953125,8,1799,1.1919093132019043,
,,,,,,9,1849,0.9449949264526367,
0.052626531571149826,30.09204864501953,0.13163089752197266,3.3189857006073,0.039659976959228516,19.001821517944336,9,1899,1.019681453704834,
0.050353437662124634,32.121212005615234,0.10376238822937012,3.3921356201171875,0.03058910369873047,19.859617233276367,9,1949,1.0072932243347168,
0.04900575056672096,22.865293502807617,0.08851885795593262,2.889479398727417,0.03063488006591797,20.4057674407959,9,1999,0.9610028266906738,
,,,,,,9,1999,,9.10781478881836
,,,,,,10,2049,1.1087102890014648,
0.048055585473775864,23.759063720703125,0.08236002922058105,2.45243763923645,0.03358292579650879,20.809236526489258,10,2099,1.1078190803527832,
0.05051595717668533,20.427915573120117,0.08742618560791016,2.1853830814361572,0.04000496864318848,19.795724868774414,10,2149,0.9823164939880371,
0.05181951820850372,28.35846519470215,0.10252952575683594,3.0173163414001465,0.033980369567871094,19.297746658325195,10,2199,1.184417724609375,
,,,,,,11,2249,1.1661348342895508,
0.050465092062950134,21.71216583251953,0.08895516395568848,2.173701524734497,0.040923357009887695,19.815677642822266,11,2299,0.9782180786132812,
0.0508221872150898,25.86176300048828,0.09348058700561523,2.343064069747925,0.03989672660827637,19.67644500732422,11,2349,1.0269389152526855,
0.04784044623374939,18.90140151977539,0.07280182838439941,1.8654346466064453,0.039026737213134766,20.902814865112305,11,2399,1.0843310356140137,
,,,,,,12,2449,1.0118532180786133,
0.04934835433959961,19.9982852935791,0.0784907341003418,1.9506665468215942,0.0402379035949707,20.264101028442383,12,2499,0.8790912628173828,
0.05476006492972374,25.402538299560547,0.09742403030395508,2.404587507247925,0.040515899658203125,18.26148223876953,12,2549,0.9302158355712891,
0.05184289440512657,21.22049331665039,0.07951712608337402,2.2727792263031006,0.03498673439025879,19.289047241210938,12,2599,1.773146152496338,
,,,,,,13,2649,1.0628361701965332,
0.0525304339826107,25.182741165161133,0.09587454795837402,2.431577444076538,0.0394289493560791,19.036582946777344,13,2699,1.6216175556182861,
0.05008719488978386,19.341873168945312,0.08037400245666504,2.1586008071899414,0.03723430633544922,19.96518325805664,13,2749,0.929649829864502,
0.05202591046690941,19.985193252563477,0.0887598991394043,2.7650885581970215,0.03210020065307617,19.22119140625,13,2799,1.095445156097412,
,,,,,,14,2849,0.9705119132995605,
0.055971547961235046,28.06993865966797,0.09415268898010254,2.4904613494873047,0.03780531883239746,17.866220474243164,14,2899,0.8640389442443848,
0.053210772573947906,20.032508850097656,0.08220338821411133,1.9636080265045166,0.041863441467285156,18.79318618774414,14,2949,0.9503030776977539,
0.05334474518895149,19.874736785888672,0.08563613891601562,2.077528953552246,0.04122018814086914,18.745988845825195,14,2999,1.6430411338806152,
,,,,,,15,3049,0.9618992805480957,
0.052474282681941986,28.422809600830078,0.12198352813720703,3.680119752883911,0.03314661979675293,19.05695343017578,15,3099,0.8489851951599121,
0.04772701859474182,23.285245895385742,0.08839845657348633,2.5777273178100586,0.034293174743652344,20.95249366760254,15,3149,0.8779573440551758,
0.04801672324538231,20.673669815063477,0.07666134834289551,1.9356880187988281,0.03960418701171875,20.82607650756836,15,3199,1.437978982925415,
,,,,,,16,3249,0.7892818450927734,
0.0482354536652565,24.990427017211914,0.08741402626037598,2.5831613540649414,0.03383994102478027,20.731639862060547,16,3299,1.1210179328918457,
0.04941945895552635,21.93410873413086,0.08375382423400879,2.6295857429504395,0.031850576400756836,20.234943389892578,16,3349,1.7207720279693604,
0.0484410896897316,25.045116424560547,0.08484888076782227,2.6657826900482178,0.031828880310058594,20.643630981445312,16,3399,1.1573824882507324,
,,,,,,17,3449,1.2039947509765625,
0.05044453963637352,23.79046058654785,0.08618497848510742,2.4034652709960938,0.0358586311340332,19.82375144958496,17,3499,0.781395435333252,
0.050863541662693024,22.84164810180664,0.08530068397521973,2.134032726287842,0.03997159004211426,19.66044807434082,17,3549,1.1339921951293945,
0.04678605496883392,21.99151611328125,0.08646178245544434,2.5149588584899902,0.034379005432128906,21.373889923095703,17,3599,1.0553791522979736,
,,,,,,18,3649,0.9249987602233887,
0.048971373587846756,19.35947036743164,0.07958006858825684,1.9548052549362183,0.0407099723815918,20.420093536376953,18,3699,0.8737807273864746,
0.04961599037051201,30.253965377807617,0.10720610618591309,3.0080878734588623,0.035639286041259766,20.15479278564453,18,3749,0.8773024082183838,
0.04029180482029915,30.495059967041016,0.08441472053527832,2.696354389190674,0.03130698204040527,24.81894302368164,18,3799,0.7758364677429199,
,,,,,,19,3849,0.974553108215332,
0.05089821666479111,24.337976455688477,0.09377241134643555,2.643017053604126,0.03547930717468262,19.647052764892578,19,3899,0.9503302574157715,
0.053489070385694504,23.955373764038086,0.10193943977355957,2.4448771476745605,0.04169511795043945,18.69540786743164,19,3949,0.8904712200164795,
0.052854105830192566,26.8831729888916,0.11096549034118652,3.13388729095459,0.03540825843811035,18.920005798339844,19,3999,0.9034843444824219,
,,,,,,19,3999,,19.639009475708008
,,,,,,20,4049,0.9016175270080566,
0.05448053404688835,29.27388572692871,0.11263275146484375,2.853891134262085,0.03946638107299805,18.355178833007812,20,4099,0.7500033378601074,
0.05157461017370224,21.354198455810547,0.08803153038024902,2.2364354133605957,0.039362430572509766,19.389385223388672,20,4149,0.9901292324066162,
0.050902556627988815,18.245851516723633,0.08610343933105469,2.145503282546997,0.04013204574584961,19.64537811279297,20,4199,0.9381141662597656,
,,,,,,21,4249,0.9843859672546387,
0.04659416154026985,24.96625328063965,0.07864189147949219,2.4252994060516357,0.032425642013549805,21.461915969848633,21,4299,0.8938932418823242,
0.05343188717961311,21.531986236572266,0.09072017669677734,2.2024216651916504,0.04119110107421875,18.715415954589844,21,4349,0.7665557861328125,
0.051559239625930786,25.29420280456543,0.0904855728149414,2.520782709121704,0.03589582443237305,19.395166397094727,21,4399,1.7864458560943604,
,,,,,,22,4449,1.3120160102844238,
0.050923366099596024,29.36825180053711,0.11223244667053223,3.2023797035217285,0.03504657745361328,19.63735008239746,22,4499,0.9700522422790527,
0.0465279296040535,18.09604835510254,0.06808686256408691,1.7518234252929688,0.038866281509399414,21.492467880249023,22,4549,0.767542839050293,
0.04853646457195282,18.016056060791016,0.07018136978149414,1.7542012929916382,0.040007591247558594,20.60306739807129,22,4599,0.9352097511291504,
,,,,,,23,4649,1.1592884063720703,
0.05554749444127083,28.550765991210938,0.10347318649291992,3.205657958984375,0.03227829933166504,18.002613067626953,23,4699,0.869143009185791,
0.051032904535532,20.621408462524414,0.08079075813293457,1.9652432203292847,0.04110980033874512,19.595199584960938,23,4749,0.9623346328735352,
0.05434713512659073,24.204357147216797,0.09322237968444824,2.279369354248047,0.04089832305908203,18.40023422241211,23,4799,0.8219294548034668,
,,,,,,24,4849,1.086885929107666,
0.050586674362421036,23.539487838745117,0.08414602279663086,2.1199402809143066,0.03969264030456543,19.76805305480957,24,4899,0.7836651802062988,
0.04985564574599266,18.944900512695312,0.08432936668395996,2.1364166736602783,0.039472341537475586,20.05790901184082,24,4949,0.8143151998519897,
